     y         <u>         <v>          <w>       <u^2>       <v^2>       <w^2> 
    0.000000    0.000000    0.000000    0.000000    0.000000    0.000000    0.000000
    0.005556    0.042925    0.000000   -0.000271    0.002091    0.000000    0.000055
    0.011117    0.085538    0.000000   -0.000543    0.008303    0.000001    0.000179
    0.016691    0.127557    0.000000   -0.000817    0.018438    0.000005    0.000329
    0.022282    0.168542    0.000000   -0.001095    0.032088    0.000013    0.000483
    0.027896    0.207987    0.000000   -0.001377    0.048625    0.000025    0.000633
    0.033541    0.245428    0.000000   -0.001663    0.067287    0.000043    0.000773
    0.039221    0.280515    0.000000   -0.001949    0.087289    0.000065    0.000904
    0.044944    0.313038    0.000000   -0.002231    0.107919    0.000093    0.001026
    0.050715    0.342921    0.000000   -0.002501    0.128583    0.000125    0.001141
    0.056542    0.370199    0.000000   -0.002751    0.148832    0.000161    0.001249
    0.062431    0.394986    0.000000   -0.002974    0.168347    0.000202    0.001351
    0.068390    0.417444    0.000000   -0.003161    0.186925    0.000245    0.001447
    0.074426    0.437765    0.000000   -0.003306    0.204453    0.000292    0.001538
    0.080547    0.456149    0.000000   -0.003407    0.220886    0.000342    0.001622
    0.086761    0.472795    0.000000   -0.003461    0.236229    0.000393    0.001700
    0.093077    0.487897    0.000000   -0.003469    0.250522    0.000446    0.001772
    0.099504    0.501633    0.000000   -0.003436    0.263829    0.000500    0.001839
    0.106051    0.514170    0.000000   -0.003366    0.276224    0.000554    0.001900
    0.112728    0.525660    0.000000   -0.003267    0.287793    0.000609    0.001956
    0.119547    0.536238    0.000000   -0.003146    0.298621    0.000664    0.002006
    0.126518    0.546023    0.000000   -0.003008    0.308789    0.000717    0.002051
    0.133654    0.555116    0.000000   -0.002857    0.318372    0.000770    0.002088
    0.140967    0.563601    0.000000   -0.002699    0.327434    0.000821    0.002119
    0.148472    0.571547    0.000000   -0.002533    0.336028    0.000870    0.002143
    0.156184    0.579015    0.000000   -0.002362    0.344203    0.000917    0.002162
    0.164118    0.586056    0.000000   -0.002185    0.352001    0.000961    0.002175
    0.172291    0.592720    0.000000   -0.002003    0.359465    0.001003    0.002184
    0.180722    0.599054    0.000000   -0.001816    0.366636    0.001042    0.002189
    0.189431    0.605102    0.000000   -0.001625    0.373555    0.001078    0.002192
    0.198440    0.610904    0.000000   -0.001432    0.380263    0.001111    0.002191
    0.207772    0.616498    0.000000   -0.001240    0.386796    0.001141    0.002186
    0.217452    0.621920    0.000000   -0.001051    0.393195    0.001167    0.002177
    0.227508    0.627206    0.000000   -0.000871    0.399498    0.001190    0.002165
    0.237969    0.632387    0.000000   -0.000708    0.405744    0.001209    0.002150
    0.248868    0.637491    0.000000   -0.000567    0.411965    0.001225    0.002132
    0.260240    0.642537    0.000000   -0.000453    0.418184    0.001236    0.002113
    0.272124    0.647534    0.000000   -0.000365    0.424414    0.001244    0.002090
    0.284562    0.652487    0.000000   -0.000302    0.430656    0.001247    0.002064
    0.297598    0.657398    0.000000   -0.000266    0.436912    0.001246    0.002036
    0.311282    0.662281    0.000000   -0.000259    0.443190    0.001241    0.002006
    0.325669    0.667154    0.000000   -0.000278    0.449506    0.001232    0.001973
    0.340815    0.672041    0.000000   -0.000317    0.455890    0.001220    0.001936
    0.356785    0.676973    0.000000   -0.000372    0.462380    0.001204    0.001897
    0.373646    0.681987    0.000000   -0.000440    0.469025    0.001186    0.001855
    0.391472    0.687118    0.000000   -0.000516    0.475877    0.001167    0.001812
    0.410340    0.692385    0.000000   -0.000608    0.482964    0.001145    0.001771
    0.430334    0.697777    0.000000   -0.000719    0.490283    0.001122    0.001727
    0.451539    0.703242    0.000000   -0.000833    0.497773    0.001096    0.001680
    0.474047    0.708710    0.000000   -0.000909    0.505339    0.001069    0.001628
    0.497949    0.714122    0.000000   -0.000893    0.512896    0.001041    0.001571
    0.523336    0.719468    0.000000   -0.000730    0.520417    0.001014    0.001504
    0.550296    0.724772    0.000000   -0.000388    0.527927    0.000986    0.001428
    0.578909    0.730064    0.000000    0.000124    0.535467    0.000958    0.001345
    0.609243    0.735366    0.000000    0.000762    0.543072    0.000929    0.001258
    0.641348    0.740672    0.000000    0.001459    0.550739    0.000897    0.001171
    0.675247    0.745933    0.000000    0.002086    0.558399    0.000862    0.001086
    0.710932    0.751114    0.000000    0.002511    0.565999    0.000824    0.001001
    0.748351    0.756116    0.000000    0.002671    0.573384    0.000786    0.000913
    0.787406    0.760820    0.000000    0.002573    0.580369    0.000754    0.000830
    0.827943    0.765122    0.000000    0.002360    0.586793    0.000730    0.000759
    0.869756    0.768860    0.000000    0.002182    0.592401    0.000712    0.000709
    0.912580    0.771894    0.000000    0.002135    0.596962    0.000699    0.000681
    0.956110    0.774082    0.000000    0.002282    0.600257    0.000694    0.000666
    1.000000    0.775376    0.000000    0.002562    0.602219    0.000694    0.000660
    1.043890    0.775680    0.000000    0.002865    0.602696    0.000699    0.000661
    1.087420    0.774869    0.000000    0.003163    0.601478    0.000710    0.000676
    1.130244    0.772834    0.000000    0.003506    0.598394    0.000728    0.000713
    1.172057    0.769676    0.000000    0.003875    0.593632    0.000753    0.000771
    1.212594    0.765625    0.000000    0.004141    0.587566    0.000782    0.000845
    1.251649    0.760945    0.000000    0.004279    0.580613    0.000815    0.000922
    1.289068    0.755862    0.000000    0.004323    0.573115    0.000851    0.000999
    1.324753    0.750586    0.000000    0.004271    0.565377    0.000889    0.001080
    1.358652    0.745255    0.000000    0.004197    0.557594    0.000928    0.001167
    1.390757    0.739923    0.000000    0.004210    0.549852    0.000970    0.001261
    1.421091    0.734635    0.000000    0.004299    0.542216    0.001012    0.001356
    1.449704    0.729401    0.000000    0.004404    0.534705    0.001054    0.001445
    1.476664    0.724225    0.000000    0.004487    0.527337    0.001094    0.001524
    1.502051    0.719130    0.000000    0.004513    0.520145    0.001133    0.001593
    1.525953    0.714084    0.000000    0.004452    0.513083    0.001172    0.001658
    1.548461    0.709026    0.000000    0.004299    0.506063    0.001209    0.001724
    1.569666    0.703910    0.000000    0.004060    0.499024    0.001244    0.001792
    1.589660    0.698711    0.000000    0.003761    0.491933    0.001276    0.001863
    1.608528    0.693435    0.000000    0.003433    0.484795    0.001303    0.001931
    1.626354    0.688095    0.000000    0.003096    0.477628    0.001326    0.001998
    1.643215    0.682705    0.000000    0.002774    0.470451    0.001344    0.002060
    1.659185    0.677282    0.000000    0.002490    0.463290    0.001359    0.002118
    1.674331    0.671850    0.000000    0.002261    0.456178    0.001370    0.002173
    1.688718    0.666426    0.000000    0.002103    0.449140    0.001378    0.002226
    1.702402    0.661019    0.000000    0.002020    0.442183    0.001382    0.002276
    1.715438    0.655620    0.000000    0.002008    0.435297    0.001384    0.002319
    1.727876    0.650212    0.000000    0.002060    0.428458    0.001383    0.002354
    1.739760    0.644774    0.000000    0.002166    0.421642    0.001377    0.002380
    1.751132    0.639286    0.000000    0.002319    0.414826    0.001368    0.002395
    1.762031    0.633735    0.000000    0.002513    0.407996    0.001353    0.002400
    1.772492    0.628104    0.000000    0.002740    0.401137    0.001335    0.002400
    1.782548    0.622372    0.000000    0.002990    0.394225    0.001312    0.002396
    1.792228    0.616509    0.000000    0.003247    0.387229    0.001285    0.002390
    1.801560    0.610482    0.000000    0.003497    0.380114    0.001254    0.002384
    1.810569    0.604256    0.000000    0.003728    0.372847    0.001220    0.002378
    1.819278    0.597798    0.000000    0.003929    0.365396    0.001182    0.002371
    1.827709    0.591073    0.000000    0.004092    0.357729    0.001141    0.002364
    1.835882    0.584046    0.000000    0.004213    0.349815    0.001097    0.002357
    1.843816    0.576675    0.000000    0.004290    0.341618    0.001050    0.002349
    1.851528    0.568914    0.000000    0.004321    0.333096    0.001000    0.002341
    1.859033    0.560707    0.000000    0.004302    0.324199    0.000948    0.002332
    1.866346    0.551986    0.000000    0.004233    0.314870    0.000894    0.002319
    1.873482    0.542677    0.000000    0.004113    0.305048    0.000837    0.002302
    1.880453    0.532691    0.000000    0.003943    0.294666    0.000779    0.002279
    1.887272    0.521929    0.000000    0.003725    0.283655    0.000720    0.002250
    1.893949    0.510279    0.000000    0.003464    0.271944    0.000659    0.002213
    1.900496    0.497618    0.000000    0.003166    0.259464    0.000598    0.002168
    1.906923    0.483810    0.000000    0.002837    0.246150    0.000537    0.002113
    1.913239    0.468705    0.000000    0.002486    0.231943    0.000476    0.002048
    1.919453    0.452140    0.000000    0.002121    0.216792    0.000416    0.001973
    1.925574    0.433932    0.000000    0.001756    0.200663    0.000358    0.001887
    1.931610    0.413886    0.000000    0.001402    0.183545    0.000303    0.001791
    1.937569    0.391796    0.000000    0.001074    0.165463    0.000250    0.001684
    1.943458    0.367454    0.000000    0.000781    0.146503    0.000201    0.001566
    1.949285    0.340672    0.000000    0.000535    0.126828    0.000157    0.001438
    1.955056    0.311303    0.000000    0.000339    0.106711    0.000117    0.001299
    1.960779    0.279272    0.000000    0.000195    0.086558    0.000083    0.001149
    1.966459    0.244614    0.000000    0.000097    0.066924    0.000055    0.000986
    1.972104    0.207508    0.000000    0.000036    0.048504    0.000033    0.000810
    1.977718    0.168288    0.000000    0.000004    0.032089    0.000017    0.000623
    1.983309    0.127429    0.000000   -0.000011    0.018472    0.000007    0.000427
    1.988883    0.085469    0.000000   -0.000013    0.008326    0.000002    0.000234
    1.994444    0.042891    0.000000   -0.000009    0.002098    0.000000    0.000073
    2.000000    0.000000    0.000000    0.000000    0.000000    0.000000    0.000000
